### DATA:
#
# 1213
#      Q             I(Q)           Error     
2.99882683E-03  4.20887301E-04  1.38478049E-03
3.28442939E-03  1.56434654E-04  7.36148114E-04
3.57003195E-03  8.39768145E-04  6.22636879E-04
3.85563450E-03  1.27356802E-03  5.09339382E-04
4.14123706E-03  7.26641062E-04  4.08480573E-04
4.42683961E-03  1.05387400E-03  3.44360754E-04
4.71244217E-03  9.68170475E-04  3.11265320E-04
4.99804472E-03  8.98335465E-04  2.94719235E-04
5.28364728E-03  9.21247818E-04  2.81085783E-04
5.56924984E-03  7.34551311E-04  2.75912795E-04
5.85485239E-03  7.34362739E-04  2.72627662E-04
6.14045495E-03  8.60285562E-04  2.63413934E-04
6.42605750E-03  8.51236674E-04  2.54910865E-04
6.71166006E-03  7.82443100E-04  2.45729892E-04
6.99726261E-03  1.31008387E-03  2.39886242E-04
7.28286517E-03  1.04918064E-03  2.36476401E-04
7.56846773E-03  9.04240741E-04  2.34061234E-04
7.85407028E-03  6.70610784E-04  2.23953526E-04
8.13967284E-03  1.03483804E-03  2.19443687E-04
8.42527539E-03  1.01706761E-03  2.18537350E-04
8.71087795E-03  7.65150610E-04  2.12596981E-04
8.99648050E-03  2.95318685E-04  2.10577798E-04
9.28208306E-03  6.75819766E-04  2.04121973E-04
9.56768562E-03  8.97761962E-04  2.00219273E-04
9.85328817E-03  6.53577728E-04  2.04677358E-04
1.01388907E-02  7.66100420E-04  1.94503507E-04
1.04244933E-02  6.89876408E-04  1.90827059E-04
1.07100958E-02  8.50323877E-04  1.91989714E-04
1.09956984E-02  8.21506642E-04  1.88863894E-04
1.12813009E-02  7.47354422E-04  1.89420213E-04
1.15669035E-02  5.73748882E-04  1.81120956E-04
1.18525061E-02  6.63560256E-04  1.81315379E-04
1.21381086E-02  3.29963165E-04  1.78885757E-04
1.24237112E-02  3.27932597E-04  1.65150684E-04
1.27093137E-02  8.26353337E-04  1.62145131E-04
1.29949163E-02  5.84027566E-04  1.54863863E-04
1.32805188E-02  6.60353560E-04  1.53719831E-04
1.35661214E-02  6.79408997E-04  1.48724354E-04
1.38517240E-02  5.56623070E-04  1.46072758E-04
1.41373265E-02  5.90849111E-04  1.43347751E-04
1.44229291E-02  6.81172918E-04  1.41589666E-04
1.47085316E-02  5.39552937E-04  1.39239728E-04
1.49941342E-02  7.77442617E-04  1.36398248E-04
1.52797367E-02  5.09670699E-04  1.34801003E-04
1.55653393E-02  6.64064609E-04  1.31805667E-04
1.58509418E-02  5.17685566E-04  1.30993067E-04
1.61365444E-02  8.86890804E-04  1.28715486E-04
1.64221470E-02  5.84648227E-04  1.26471104E-04
1.67077495E-02  6.62275045E-04  1.25216810E-04
1.69933521E-02  5.27026543E-04  1.23028227E-04
1.72789546E-02  5.57752718E-04  1.21942305E-04
1.75645572E-02  5.82705342E-04  1.20762687E-04
1.78501597E-02  5.27790096E-04  1.18599478E-04
1.81357623E-02  6.53633904E-04  1.18588513E-04
1.84213648E-02  5.98342147E-04  1.15753714E-04
1.87069674E-02  4.83783756E-04  1.15056425E-04
1.89925700E-02  5.88190647E-04  1.15150725E-04
1.92781725E-02  4.19734263E-04  1.11735492E-04
1.95637751E-02  6.29158071E-04  1.12400618E-04
1.98493776E-02  5.47167472E-04  1.09846767E-04
2.01349802E-02  6.30335624E-04  1.09858878E-04
2.04205827E-02  5.45958227E-04  1.09050765E-04
2.07061853E-02  5.51604476E-04  1.06515916E-04
2.09917878E-02  5.45671245E-04  1.06694246E-04
2.12773904E-02  4.16770729E-04  1.05011075E-04
2.15629930E-02  7.46360682E-04  1.04883850E-04
2.18485955E-02  5.63077430E-04  1.03946569E-04
2.21341981E-02  3.25227680E-04  1.02028411E-04
2.24198006E-02  3.22246370E-04  1.01980052E-04
2.27054032E-02  5.11754324E-04  1.01243956E-04
2.29910057E-02  5.88060941E-04  1.00418532E-04
2.32766083E-02  3.93085995E-04  9.88360747E-05
2.35622108E-02  6.36545973E-04  9.91796527E-05
2.38478134E-02  4.26977987E-04  9.78163256E-05
2.41334160E-02  3.73572316E-04  9.70689062E-05
2.44190185E-02  2.14080632E-04  9.63630667E-05
2.47046211E-02  4.74518383E-04  9.55215465E-05
2.49902236E-02  3.51481579E-04  9.50096759E-05
2.52758262E-02  3.92072108E-04  9.39936728E-05
2.55614287E-02  4.10434142E-04  9.36117775E-05
2.58470313E-02  2.37121965E-04  9.33162052E-05
2.61326338E-02  2.49669027E-04  9.20713895E-05
2.64182364E-02  3.25555469E-04  9.20271349E-05
2.67038390E-02  3.94385209E-04  9.03223211E-05
2.69894415E-02  3.80398906E-04  9.11170444E-05
2.72750441E-02  4.04754435E-04  8.97881492E-05
2.75606466E-02  4.21250750E-04  8.93332826E-05
2.78462492E-02  3.64307801E-04  9.10130325E-05
2.81318517E-02  3.56608282E-04  9.16192265E-05
2.84174543E-02  3.44514316E-04  9.10475852E-05
2.87030568E-02  2.67079019E-04  9.13106637E-05
2.89886594E-02  3.88585491E-04  9.03712578E-05
2.92742620E-02  5.40930394E-04  9.07995400E-05
2.95598645E-02  4.51012709E-04  9.00536925E-05
2.98454671E-02  2.45073984E-04  8.98498113E-05
3.01310696E-02  3.90634431E-04  8.96275278E-05
3.04166722E-02  3.65958174E-04  8.92728377E-05
3.07022747E-02  3.43534341E-04  8.94167780E-05
3.09878773E-02  5.42228515E-04  8.89544434E-05
3.12734798E-02  5.87538056E-04  8.91162957E-05
3.15590824E-02  3.07252262E-04  8.89183520E-05
3.18446850E-02  4.07852482E-04  8.87298183E-05
3.21302875E-02  3.25506338E-04  8.82552123E-05
3.24158901E-02  4.47079508E-04  8.84805616E-05
3.27014926E-02  4.05142633E-04  8.78714637E-05
3.29870952E-02  1.77868944E-04  8.79367289E-05
3.32726977E-02  4.19191898E-04  8.74638863E-05
3.35583003E-02  4.27616910E-04  8.78163318E-05
3.38439028E-02  2.31402164E-04  8.71761461E-05
3.41295054E-02  2.34868311E-04  8.66924086E-05
3.44151080E-02  3.14329532E-04  8.73111509E-05
3.47007105E-02  2.73433055E-04  8.63272568E-05
3.49863131E-02  2.73983219E-04  8.71718374E-05
3.52719156E-02  2.00769277E-04  8.58139180E-05
3.55575182E-02  4.41206654E-04  8.54834466E-05
3.58431207E-02  2.84525237E-04  8.50268942E-05
3.61287233E-02  3.05551461E-04  8.53085122E-05
3.64143259E-02  3.19475329E-04  8.50901964E-05
3.66999284E-02  3.33402372E-04  8.44781653E-05
3.69855310E-02  3.81843765E-04  8.50790988E-05
3.72711335E-02  3.63034303E-04  8.41594784E-05
3.75567361E-02  2.62547359E-04  8.32071509E-05
3.78423386E-02  4.28359736E-04  8.34519740E-05
3.81279412E-02  4.55338549E-04  8.31160578E-05
3.84135437E-02  3.69307152E-04  8.33852479E-05
3.86991463E-02  2.97073727E-04  8.26162693E-05
3.89847489E-02  3.75223532E-04  8.23271237E-05
3.92703514E-02  3.13737839E-04  8.22468238E-05
3.95559540E-02  2.84304770E-04  8.17105189E-05
3.98415565E-02  2.58915417E-04  8.17107318E-05
4.01271591E-02  2.85051192E-04  8.08874357E-05
4.04127616E-02  3.33901360E-04  8.18008013E-05
4.06983642E-02  3.57369965E-04  8.11606847E-05
4.09839667E-02  3.40440683E-04  8.01961719E-05
4.12695693E-02  3.52990614E-04  8.01779029E-05
4.15551719E-02  2.60457034E-04  8.01424499E-05
4.18407744E-02  5.05813499E-04  8.05433367E-05
4.21263770E-02  2.21774200E-04  7.96516604E-05
4.24119795E-02  1.87049538E-04  7.89275703E-05
4.26975821E-02  2.93619299E-04  7.90669068E-05
4.29831846E-02  2.81118057E-04  7.92966518E-05
4.32687872E-02  4.10470832E-04  7.92459843E-05
4.35543897E-02  3.74464017E-04  7.84337167E-05
4.38399923E-02  1.62169301E-04  7.83689712E-05
4.41255949E-02  1.91215367E-04  7.86800756E-05
4.44111974E-02  2.39544026E-04  7.78773403E-05
4.46968000E-02  2.86147206E-04  7.81653617E-05
4.49824025E-02  2.77703055E-04  7.71629570E-05
4.52680051E-02  1.97448996E-04  7.80792754E-05
4.55536076E-02  4.18525970E-04  7.77943918E-05
4.58392102E-02  2.19942536E-04  7.75510122E-05
4.61248127E-02  2.93789509E-04  7.67637133E-05
4.64104153E-02  2.47304650E-04  7.65900854E-05
4.66960179E-02  2.43547198E-04  7.76261161E-05
4.69816204E-02  2.49439699E-04  7.58986317E-05
4.72672230E-02  3.72412659E-04  7.65522194E-05
4.75528255E-02  2.67897156E-04  7.65798860E-05
4.78384281E-02  2.25658561E-04  7.61368955E-05
4.81240306E-02  2.12551344E-04  7.57544519E-05
4.84096332E-02  1.84905221E-04  7.59617598E-05
4.86952357E-02  2.08155817E-04  7.78164776E-05
4.89808383E-02  2.31910341E-04  7.88907312E-05
4.92664409E-02  2.28382287E-04  7.85349304E-05
4.95520434E-02  2.51732421E-04  7.98188564E-05
4.98376460E-02  1.06132322E-04  7.88578811E-05
5.01232485E-02  2.15103241E-04  8.05431872E-05
5.04088511E-02  2.55725625E-04  8.00943182E-05
5.06944536E-02  2.57270048E-04  8.06738601E-05
5.09800562E-02  3.90420144E-04  8.09410966E-05
5.12656587E-02  1.94457059E-04  8.08869017E-05
5.15512613E-02  1.76326932E-04  8.12412689E-05
5.18368639E-02  2.96861025E-04  8.13513774E-05
5.21224664E-02  3.05571821E-04  8.14931122E-05
5.24080690E-02  1.75244989E-04  8.20401217E-05
5.26936715E-02  1.81062734E-04  8.23476721E-05
5.29792741E-02  3.10878078E-04  8.22854617E-05
5.32648766E-02  3.39185773E-04  8.17231234E-05
5.35504792E-02  2.75609216E-05  8.24832462E-05
5.38360817E-02  1.20810531E-04  8.27475656E-05
5.41216843E-02  4.01231766E-04  8.23460057E-05
5.44072869E-02  2.11907590E-04  8.35769127E-05
5.46928894E-02  2.42813770E-04  8.23773557E-05
5.49784920E-02  3.00070691E-04  8.37066248E-05
5.52640945E-02  2.35508415E-04  8.19271598E-05
5.55496971E-02  1.68461259E-04  8.36908021E-05
5.58352996E-02  1.77194589E-04  8.29610022E-05
5.61209022E-02  1.99737497E-04  8.32413816E-05
5.64065047E-02  2.09328037E-04  8.42611949E-05
5.66921073E-02  1.80170179E-04  8.19018983E-05
5.69777099E-02  1.77330166E-04  8.35539451E-05
5.72633124E-02  2.85297098E-04  8.23745688E-05
5.75489150E-02  2.55791793E-04  8.28074416E-05
5.78345175E-02  2.03578385E-04  8.34904719E-05
5.81201201E-02  3.12455581E-04  8.24124838E-05
5.84057226E-02  1.48373181E-04  8.27790172E-05
5.86913252E-02  1.60752738E-04  8.19033681E-05
5.89769278E-02  1.94755221E-04  8.27706070E-05
5.92625303E-02  1.71513848E-04  8.21459401E-05
5.95481329E-02  3.67529447E-04  8.27405282E-05
5.98337354E-02  1.30759784E-04  8.30220876E-05
6.01193380E-02  2.44168528E-04  8.10250243E-05
6.04049405E-02  2.49577531E-04  8.30764010E-05
6.06905431E-02  2.99102830E-04  8.12840429E-05
6.09761456E-02  8.69948112E-05  8.21356741E-05
6.12617482E-02  3.85318081E-04  8.25368751E-05
6.15473508E-02  2.62306833E-04  8.11356901E-05
6.18329533E-02  7.62823403E-05  8.22078686E-05
6.21185559E-02  1.48316201E-04  8.05150647E-05
6.24041584E-02  1.58379515E-04  8.16733100E-05
6.26897610E-02  2.63409969E-04  8.11702176E-05
6.29753635E-02  2.64520865E-04  8.16199136E-05
6.32609661E-02  1.32735747E-04  8.22240719E-05
6.35465686E-02  2.23919146E-04  8.03379136E-05
6.38321712E-02  1.81467166E-04  8.11145228E-05
6.41177738E-02  2.11550034E-04  8.07893870E-05
6.44033763E-02  1.97348962E-04  8.08649081E-05
6.46889789E-02  2.35432487E-04  8.15979109E-05
6.49745814E-02  2.62854366E-04  7.97722824E-05
6.52601840E-02  3.22132011E-04  8.15123272E-05
6.55457865E-02  3.17132968E-05  8.03285281E-05
6.58313891E-02  5.00538922E-06  8.00174684E-05
6.61169916E-02  3.33204101E-04  8.31668099E-05
6.64025942E-02  2.05741377E-04  8.44466041E-05
6.66881968E-02  2.39613231E-04  8.63937137E-05
6.69737993E-02  1.99360434E-04  8.54609804E-05
6.72594019E-02  1.64933637E-04  8.72821106E-05
6.75450044E-02  2.01412273E-04  8.72689784E-05
6.78306070E-02  5.23270995E-05  8.86925070E-05
6.81162095E-02  1.28981284E-04  8.93151287E-05
6.84018121E-02  1.40316171E-04  8.83508224E-05
6.86874146E-02  1.61763652E-04  9.07373276E-05
6.89730172E-02  2.62003598E-04  9.01441748E-05
6.92586198E-02  1.45540101E-04  9.14986433E-05
6.95442223E-02  1.91050542E-06  9.18616212E-05
6.98298249E-02  3.17273702E-04  9.10500063E-05
7.01154274E-02  2.66641181E-04  9.31207948E-05
7.04010300E-02  2.06733225E-04  9.24474354E-05
7.06866325E-02  1.66771240E-04  9.31024934E-05
7.09722351E-02  1.55681751E-04  9.51871561E-05
7.12578376E-02  7.85473964E-05  9.37269789E-05
7.15434402E-02  6.52719371E-05  9.51008079E-05
7.18290428E-02  1.12544876E-04  9.42930760E-05
7.21146453E-02  1.28167191E-04  9.47753200E-05
7.24002479E-02  3.12903651E-04  9.51364282E-05
7.26858504E-02  1.89595895E-04  9.49010514E-05
7.29714530E-02  1.07854668E-04  9.16836048E-05
7.32570555E-02  1.17265998E-04  8.89377829E-05
7.35426581E-02  1.83917864E-04  8.76248614E-05
7.38282606E-02  1.76175786E-04  8.78849068E-05
7.41138632E-02  1.38201589E-04  8.63344070E-05
7.43994658E-02  1.39588774E-04  8.63002653E-05
7.46850683E-02  1.16354752E-04  8.44122513E-05
7.49706709E-02  1.01277550E-04  8.45324411E-05
7.52562734E-02  1.17892273E-04  8.38301535E-05
7.55418760E-02  1.00220535E-04  8.34922627E-05
7.58274785E-02  2.54787551E-04  8.33675106E-05
7.61130811E-02  1.46415338E-04  8.24065130E-05
7.63986836E-02  7.00947454E-05  8.20962349E-05
7.66842862E-02  8.08038584E-05  8.13317517E-05
7.69698888E-02  1.97462062E-04  8.14233349E-05
7.72554913E-02  8.52119318E-05  8.06275105E-05
7.75410939E-02  1.28733234E-04  8.09995077E-05
7.78266964E-02  2.01346213E-04  8.06051625E-05
7.81122990E-02  2.71246303E-04  7.96958649E-05
7.83979015E-02  1.41332736E-04  7.99962232E-05
7.86835041E-02  1.11354350E-05  7.90122912E-05
7.89691066E-02  2.35958246E-04  8.05978214E-05
7.92547092E-02  2.63667437E-04  7.99839260E-05
7.95403118E-02  8.32946044E-05  7.92138508E-05
7.98259143E-02  3.16244401E-04  7.96667745E-05
8.01115169E-02  1.22452767E-04  7.86203581E-05
8.03971194E-02  1.49729149E-04  7.93648840E-05
8.06827220E-02  1.64749740E-04  7.88913547E-05
8.09683245E-02  1.52477675E-04  7.87708561E-05
8.12539271E-02  2.02821301E-05  7.88338248E-05
8.15395297E-02  2.31532192E-04  7.81766360E-05
8.18251322E-02  1.46518362E-04  7.86728913E-05
8.21107348E-02  5.33940831E-05  7.86461876E-05
8.23963373E-02  2.05478279E-04  7.80633294E-05
8.26819399E-02  1.69449131E-04  7.88917604E-05
8.29675424E-02  2.60699003E-04  7.76081240E-05
8.32531450E-02  -3.12085280E-05  7.79848902E-05
8.35387475E-02  9.92519011E-05  7.72886909E-05
8.38243501E-02  2.74238521E-05  7.79744150E-05
8.41099527E-02  2.60908652E-05  7.77612963E-05
8.43955552E-02  1.33651142E-04  7.69029050E-05
8.46811578E-02  6.09529252E-05  7.75632537E-05
8.49667603E-02  1.42303245E-04  7.69849314E-05
8.52523629E-02  2.59073886E-04  7.76986885E-05
8.55379654E-02  2.09250586E-04  7.69746631E-05
8.58235680E-02  6.11090684E-05  7.66968335E-05
8.61091705E-02  1.29903586E-04  7.77851958E-05
8.63947731E-02  2.36918547E-04  7.66140768E-05
8.66803757E-02  3.21911419E-05  7.66899673E-05
8.69659782E-02  1.56128304E-04  7.63779906E-05
8.72515808E-02  2.36622424E-04  7.66012756E-05
8.75371833E-02  7.56680307E-05  7.69571015E-05
8.78227859E-02  1.86167149E-04  7.58457169E-05
8.81083884E-02  1.96151214E-04  7.63701961E-05
8.83939910E-02  1.33465637E-04  7.58705744E-05
8.86795935E-02  1.12513919E-04  7.64127038E-05
8.89651961E-02  7.21515841E-05  7.61076897E-05
8.92507987E-02  1.59203592E-04  7.53363174E-05
8.95364012E-02  1.69090397E-04  7.61766761E-05
8.98220038E-02  9.93595575E-05  7.54099703E-05
9.01076063E-02  1.76153202E-04  7.60279486E-05
9.03932089E-02  7.68675008E-05  7.51228052E-05
9.06788114E-02  1.94743009E-04  7.53207276E-05
9.09644140E-02  3.59906485E-07  7.59452821E-05
9.12500165E-02  1.99852191E-04  7.55152037E-05
9.15356191E-02  -3.37539573E-05  7.48320696E-05
9.18212217E-02  3.13058136E-05  7.43796827E-05
9.21068242E-02  4.17229660E-05  7.52871109E-05
9.23924268E-02  -4.99730046E-05  7.53616886E-05
9.26780293E-02  -2.34698978E-05  7.47681097E-05
9.29636319E-02  1.53947294E-04  7.45159779E-05
9.32492344E-02  9.89079921E-05  7.44124879E-05
9.35348370E-02  9.84567744E-05  7.49861392E-05
9.38204395E-02  1.80034761E-04  7.43275572E-05
9.41060421E-02  1.61262749E-04  7.41705594E-05
9.43916447E-02  1.10400410E-04  7.43964599E-05
9.46772472E-02  5.76560301E-05  7.43227800E-05
9.49628498E-02  2.57932761E-04  7.47084564E-05
9.52484523E-02  1.36349847E-04  7.34247664E-05
9.55340549E-02  1.65253865E-04  7.42338509E-05
9.58196574E-02  -4.31578513E-05  7.38415646E-05
9.61052600E-02  3.80219247E-05  7.42346793E-05
9.63908625E-02  5.15161257E-05  7.33292588E-05
9.66764651E-02  1.19381055E-04  7.35476994E-05
9.69620677E-02  1.94313167E-04  7.36416737E-05
9.72476702E-02  8.63008338E-05  7.35282478E-05
9.75332728E-02  3.36879957E-05  7.30055041E-05
9.78188753E-02  8.69180700E-05  7.37255791E-05
9.81044779E-02  1.22798425E-04  7.30558260E-05
9.83900804E-02  1.66173997E-04  7.41980728E-05
9.86756830E-02  9.41950749E-05  7.25418605E-05
9.89612855E-02  6.07769160E-05  7.27623916E-05
9.92468881E-02  8.47903697E-05  7.29898910E-05
9.95324907E-02  1.31899603E-04  7.31345117E-05
9.98180932E-02  2.16761881E-05  7.30695865E-05
1.00103696E-01  3.39263445E-05  7.25024134E-05
1.00389298E-01  -1.06873834E-04  7.21562816E-05
1.00674901E-01  1.29097902E-04  7.28248696E-05
1.00960503E-01  6.89741857E-05  7.26958164E-05
1.01246106E-01  1.37450777E-04  7.24414592E-05
1.01531709E-01  6.29849599E-05  7.20676182E-05
1.01817311E-01  2.27352642E-04  7.26309010E-05
1.02102914E-01  1.89136764E-04  7.25591217E-05
1.02388516E-01  1.56243439E-04  7.18143025E-05
1.02674119E-01  -6.85797027E-06  7.20315549E-05
1.02959721E-01  6.21101760E-05  7.19424924E-05
1.03245324E-01  5.94836674E-05  7.20165421E-05
1.03530926E-01  -9.97801404E-06  7.22638578E-05
1.03816529E-01  -8.73202967E-06  7.12425351E-05
1.04102132E-01  2.63854269E-05  7.18105931E-05
1.04387734E-01  4.03700138E-06  7.11612967E-05
1.04673337E-01  1.66223464E-04  7.19976441E-05
1.04958939E-01  6.01114696E-05  7.10886655E-05
1.05244542E-01  8.56496300E-05  7.15153007E-05
1.05530144E-01  1.97103475E-04  7.17807450E-05
1.05815747E-01  -4.21009640E-05  7.09973300E-05
1.06101349E-01  1.29578509E-04  7.10117213E-05
1.06386952E-01  2.83367395E-05  7.07699251E-05
1.06672555E-01  7.63420871E-06  7.15940068E-05
1.06958157E-01  1.53939753E-05  7.15884671E-05
1.07243760E-01  4.74696091E-05  7.04274203E-05
1.07529362E-01  -3.42606996E-05  7.08933491E-05
1.07814965E-01  9.60262068E-05  7.07805586E-05
1.08100567E-01  9.48097138E-05  7.06887511E-05
1.08386170E-01  -1.55728284E-05  7.07364920E-05
1.08671772E-01  7.02313292E-05  7.07395130E-05
1.08957375E-01  7.26630128E-05  7.04246955E-05
1.09242978E-01  2.72667923E-05  7.05407868E-05
1.09528580E-01  -1.05466893E-04  7.24847642E-05
1.09814183E-01  -5.04150060E-06  7.22770695E-05
1.10099785E-01  6.02896085E-05  7.37552579E-05
1.10385388E-01  5.79176120E-05  7.41435113E-05
1.10670990E-01  1.46279227E-04  7.49027158E-05
1.10956593E-01  4.99231548E-07  7.51184754E-05
1.11242195E-01  1.74539818E-04  7.54040325E-05
1.11527798E-01  9.69006273E-05  7.63224434E-05
1.11813401E-01  1.59936509E-04  7.69839547E-05
1.12099003E-01  -2.36568644E-05  7.71349692E-05
1.12384606E-01  -3.67755589E-06  7.75459954E-05
1.12670208E-01  8.65574432E-05  7.76614579E-05
1.12955811E-01  2.55761457E-05  7.87310901E-05
1.13241413E-01  -1.27257517E-04  7.80455249E-05
1.13527016E-01  1.11415475E-04  7.67501197E-05
1.13812618E-01  -1.48378765E-05  7.66807841E-05
1.14098221E-01  1.11012056E-04  7.53617514E-05
1.14383824E-01  6.33267285E-05  7.58176494E-05
1.14669426E-01  7.58766024E-05  7.43609983E-05
1.14955029E-01  -2.48134849E-05  7.44990803E-05
1.15240631E-01  -7.03019513E-05  7.40578586E-05
1.15526234E-01  7.71661751E-05  7.39921153E-05
1.15811836E-01  4.75001366E-05  7.39089714E-05
1.16097439E-01  2.74178889E-05  7.23881459E-05
1.16383041E-01  9.34050851E-05  7.35394033E-05
1.16668644E-01  1.21237121E-04  7.26879839E-05
1.16954247E-01  -1.01597422E-05  7.25510510E-05
1.17239849E-01  1.13021971E-04  7.30311163E-05
1.17525452E-01  5.13312118E-06  7.18368745E-05
1.17811054E-01  1.84781893E-04  7.28023160E-05
1.18096657E-01  5.49230385E-05  7.15840687E-05
1.18382259E-01  -7.90599395E-06  7.18911330E-05
1.18667862E-01  3.80215344E-05  7.16714710E-05
1.18953464E-01  9.57177153E-05  7.16248310E-05
1.19239067E-01  4.54690469E-05  7.19117426E-05
1.19524670E-01  1.66901192E-04  7.10062080E-05
1.19810272E-01  3.07730298E-06  7.12075380E-05
1.20095875E-01  1.64044403E-05  7.10255012E-05
1.20381477E-01  1.30350776E-04  7.04536624E-05
1.20667080E-01  -5.68786037E-06  7.07314935E-05
1.20952682E-01  5.37118025E-05  6.92397535E-05
1.21238285E-01  2.64983882E-06  7.01849186E-05
1.21523887E-01  1.94091459E-05  6.96301900E-05
1.21809490E-01  5.14715934E-05  6.93991189E-05
1.22095093E-01  1.33624919E-04  6.97852995E-05
1.22380695E-01  -2.58528698E-05  6.89342528E-05
1.22666298E-01  1.27541713E-05  6.89358659E-05
1.22951900E-01  1.15793665E-04  6.84432656E-05
1.23237503E-01  1.15823630E-04  6.88548167E-05
1.23523105E-01  2.70276931E-05  6.84155881E-05
1.23808708E-01  4.26843568E-05  6.85390075E-05
1.24094310E-01  -2.75380276E-05  6.88536793E-05
1.24379913E-01  5.42723585E-05  6.78960598E-05
1.24665516E-01  8.33613206E-05  6.79963534E-05
1.24951118E-01  6.24239650E-05  6.82471430E-05
1.25236721E-01  -4.15080383E-05  6.83172997E-05
1.25522323E-01  3.37389105E-05  6.84818977E-05
1.25807926E-01  9.07704463E-05  6.75488764E-05
1.26093528E-01  4.34247772E-05  6.81426786E-05
1.26379131E-01  -3.00291259E-05  6.75868529E-05
1.26664733E-01  3.76909805E-05  6.95753397E-05
1.26950336E-01  -4.71417611E-05  7.08267587E-05
1.27235939E-01  3.68203401E-05  7.13450559E-05
1.27521541E-01  1.41983128E-05  7.28977784E-05
1.27807144E-01  7.63095442E-05  7.23295240E-05
1.28092746E-01  2.73826127E-05  7.34909629E-05
1.28378349E-01  -2.72263620E-05  7.35497785E-05
1.28663951E-01  3.88830348E-05  7.40851510E-05
1.28949554E-01  -1.14685497E-04  7.47722965E-05
1.29235156E-01  9.26054828E-05  7.46434206E-05
1.29520759E-01  1.27608481E-04  7.47549665E-05
1.29806362E-01  3.24105641E-05  7.49514721E-05
1.30091964E-01  7.61507492E-05  7.47308719E-05
1.30377567E-01  1.35474171E-04  7.59139774E-05
1.30663169E-01  3.53359795E-05  7.48834640E-05
1.30948772E-01  1.86502770E-04  7.54537857E-05
1.31234374E-01  2.13976581E-05  7.42318023E-05
1.31519977E-01  1.10645610E-04  7.54866723E-05
1.31805579E-01  6.33614467E-06  7.56338385E-05
1.32091182E-01  2.77521092E-05  7.56646156E-05
1.32376785E-01  2.55247494E-07  7.68493045E-05
1.32662387E-01  5.09796427E-05  7.57660339E-05
1.32947990E-01  2.56732315E-05  7.63436179E-05
1.33233592E-01  1.20549335E-05  7.61996859E-05
1.33519195E-01  -6.02912289E-05  7.47862085E-05
1.33804797E-01  4.25800580E-05  7.33990547E-05
1.34090400E-01  -1.06687072E-04  7.15147769E-05
1.34376002E-01  1.16450664E-04  7.19028855E-05
1.34661605E-01  -5.17608450E-05  7.06788999E-05
1.34947208E-01  1.44773115E-04  7.05790118E-05
1.35232810E-01  1.25328010E-04  7.04299949E-05
1.35518413E-01  -4.64833942E-05  6.93929964E-05
1.35804015E-01  7.16344143E-05  6.88622702E-05
1.36089618E-01  8.82606907E-05  6.86687718E-05
1.36375220E-01  1.47686087E-04  6.87793074E-05
1.36660823E-01  2.62806383E-05  6.83780845E-05
1.36946425E-01  -6.36265470E-05  6.80949076E-05
1.37232028E-01  9.36938694E-06  6.82511569E-05
1.37517631E-01  -9.11496920E-06  6.78218116E-05
1.37803233E-01  7.16993108E-05  6.81266748E-05
1.38088836E-01  1.04470939E-04  6.74641520E-05
1.38374438E-01  -3.56187158E-05  6.76428293E-05
1.38660041E-01  1.15875632E-04  6.76597392E-05
1.38945643E-01  2.42022969E-05  6.73524880E-05
1.39231246E-01  -2.62620478E-05  6.75512869E-05
1.39516848E-01  1.62164900E-05  6.71749601E-05
1.39802451E-01  -4.82832532E-05  6.66597551E-05
1.40088054E-01  -7.16207032E-05  6.71697487E-05
1.40373656E-01  5.21327442E-05  6.69370174E-05
1.40659259E-01  -5.26328122E-05  6.69764818E-05
1.40944861E-01  2.68311236E-05  6.63699269E-05
1.41230464E-01  2.08291877E-04  6.69837827E-05
1.41516066E-01  3.29236931E-05  6.65756583E-05
1.41801669E-01  4.29583683E-05  6.64410754E-05
1.42087271E-01  2.30976664E-05  6.66323185E-05
1.42372874E-01  -7.42168682E-05  6.56417236E-05
1.42658477E-01  -4.55743549E-05  6.64718836E-05
1.42944079E-01  1.33354246E-04  6.62617158E-05
1.43229682E-01  3.03349586E-05  6.59795776E-05
1.43515284E-01  -1.75398244E-05  6.64064578E-05
1.43800887E-01  3.11152926E-06  6.55667082E-05
1.44086489E-01  5.55795004E-05  6.60678676E-05
1.44372092E-01  5.82809591E-05  6.54276628E-05
1.44657694E-01  -4.56309868E-06  6.57692033E-05
1.44943297E-01  -6.57379517E-05  6.54227465E-05
1.45228900E-01  -1.32095421E-04  6.52062670E-05
1.45514502E-01  6.74344148E-05  6.60237235E-05
1.45800105E-01  3.45398102E-05  6.48111413E-05
1.46085707E-01  -6.06943735E-05  6.57017820E-05
1.46371310E-01  -3.86586013E-05  6.54394388E-05
1.46656912E-01  -4.76237249E-07  6.51704425E-05
1.46942515E-01  -8.05945858E-05  6.51078678E-05
1.47228117E-01  5.22646581E-05  6.44378546E-05
1.47513720E-01  9.92143011E-06  6.51498996E-05
1.47799323E-01  -8.18641669E-05  6.50896987E-05
1.48084925E-01  4.82122114E-05  6.47546333E-05
1.48370528E-01  9.66716303E-05  6.50374511E-05
1.48656130E-01  3.39998429E-05  6.46279916E-05
1.48941733E-01  2.93627222E-05  6.49915674E-05
1.49227335E-01  7.03507553E-06  6.45330015E-05
1.49512938E-01  9.47595419E-05  6.43360989E-05
1.49798540E-01  -2.30603043E-05  6.46152232E-05
1.50084143E-01  -2.60540504E-05  6.42630314E-05
1.50369746E-01  3.74468885E-05  6.44940830E-05
1.50655348E-01  6.53543474E-06  6.38483909E-05
1.50940951E-01  7.69488657E-05  6.45517413E-05
1.51226553E-01  5.75707436E-05  6.41247560E-05
1.51512156E-01  6.40593186E-06  6.42193862E-05
1.51797758E-01  9.39807422E-05  6.40760498E-05
1.52083361E-01  -4.33645894E-05  6.34788406E-05
1.52368963E-01  1.50749681E-04  6.43041954E-05
1.52654566E-01  5.27325400E-05  6.37367344E-05
1.52940169E-01  9.39886260E-05  6.38237791E-05
1.53225771E-01  1.17430282E-05  6.34840135E-05
1.53511374E-01  -5.24011145E-05  6.37578318E-05
1.53796976E-01  5.91191797E-05  6.37175569E-05
1.54082579E-01  4.93306276E-05  6.33114686E-05
1.54368181E-01  -8.65764970E-05  6.37838618E-05
1.54653784E-01  6.29729355E-06  6.33232890E-05
1.54939386E-01  -1.19375610E-05  6.34914885E-05
1.55224989E-01  6.11403852E-05  6.32139533E-05
1.55510592E-01  9.69906164E-05  6.31106753E-05
1.55796194E-01  1.43537698E-04  6.34464269E-05
1.56081797E-01  7.40914759E-05  6.31948463E-05
1.56367399E-01  -1.50261199E-05  6.31680537E-05
1.56653002E-01  5.14315419E-05  6.29802674E-05
1.56938604E-01  2.18729685E-05  6.27821018E-05
1.57224207E-01  1.05812892E-04  6.30221682E-05
1.57509809E-01  9.75165016E-06  6.28557495E-05
1.57795412E-01  -1.10551943E-04  6.26276596E-05
1.58081015E-01  1.28688995E-05  6.29774218E-05
1.58366617E-01  1.22378003E-05  6.25780577E-05
1.58652220E-01  2.18331239E-05  6.27766172E-05
1.58937822E-01  4.90809321E-05  6.22308415E-05
1.59223425E-01  -3.35385919E-05  6.24884822E-05
1.59509027E-01  2.63612283E-05  6.25647575E-05
1.59794630E-01  1.42914876E-04  6.24204098E-05
1.60080232E-01  5.96118705E-05  6.27115978E-05
1.60365835E-01  3.08594759E-05  6.19362147E-05
1.60651438E-01  3.06613149E-05  6.22767277E-05
1.60937040E-01  -1.12256953E-05  6.23217747E-05
1.61222643E-01  -2.71190354E-05  6.21279303E-05
1.61508245E-01  2.02449289E-05  6.21063850E-05
1.61793848E-01  1.47093869E-04  6.21976129E-05
1.62079450E-01  3.19536872E-05  6.21085974E-05
1.62365053E-01  8.54376848E-07  6.19779163E-05
1.62650655E-01  5.29847356E-05  6.16915447E-05
1.62936258E-01  8.73096862E-05  6.18934845E-05
1.63221861E-01  4.26426280E-05  6.20344152E-05
1.63507463E-01  4.84998688E-05  6.20196248E-05
1.63793066E-01  3.59917762E-05  6.14347230E-05
1.64078668E-01  6.92291421E-05  6.17163651E-05
1.64364271E-01  3.06781353E-05  6.14217797E-05
1.64649873E-01  4.35676188E-05  6.17228204E-05
1.64935476E-01  -1.65366789E-05  6.16169004E-05
1.65221078E-01  1.13348806E-04  6.14462275E-05
1.65506681E-01  1.20621989E-04  6.17360390E-05
1.65792284E-01  8.06885950E-05  6.10999167E-05
1.66077886E-01  2.56233709E-05  6.14507271E-05
1.66363489E-01  -3.08993399E-05  6.11179544E-05
1.66649091E-01  -1.34743541E-04  6.13438055E-05
1.66934694E-01  2.26372064E-05  6.12554579E-05
1.67220296E-01  1.73383245E-05  6.08503519E-05
1.67505899E-01  -1.44817936E-05  6.09259307E-05
1.67791501E-01  -6.56714088E-06  6.09227623E-05
1.68077104E-01  3.87960111E-05  6.11640839E-05
1.68362707E-01  5.00142901E-05  6.07396886E-05
1.68648309E-01  -1.27632373E-04  6.04859178E-05
1.68933912E-01  -8.34249765E-06  6.06966683E-05
1.69219514E-01  2.75522632E-05  6.03891818E-05
1.69505117E-01  1.17680722E-04  6.02696257E-05
1.69790719E-01  1.44114808E-04  6.01322488E-05
1.70076322E-01  -4.03502599E-05  6.01145370E-05
1.70361924E-01  9.48691792E-06  6.03109844E-05
1.70647527E-01  1.02459496E-04  5.98615622E-05
1.70933130E-01  9.22984426E-05  6.03452917E-05
1.71218732E-01  1.20297930E-05  5.95871680E-05
1.71504335E-01  -4.21704002E-05  6.02447401E-05
1.71789937E-01  -7.71220989E-05  6.03611766E-05
1.72075540E-01  1.06582501E-04  5.93530903E-05
1.72361142E-01  -3.23422268E-06  5.99172016E-05
1.72646745E-01  5.90172652E-05  5.95647169E-05
1.72932347E-01  3.79224942E-05  5.99249877E-05
1.73217950E-01  -4.60520383E-05  5.98833745E-05
1.73503553E-01  1.78616689E-05  5.95486459E-05
1.73789155E-01  -4.95987397E-06  6.01532663E-05
1.74074758E-01  -8.81382227E-05  5.95617798E-05
1.74360360E-01  -5.54026933E-05  6.01062802E-05
1.74645963E-01  1.08219117E-05  5.98260502E-05
1.74931565E-01  -4.99850590E-05  5.94206144E-05
1.75217168E-01  6.67761500E-05  6.01543640E-05
1.75502770E-01  -5.77630940E-05  5.94448572E-05
1.75788373E-01  -3.49024882E-05  6.01205130E-05
1.76073976E-01  3.58359652E-05  5.94402511E-05
1.76359578E-01  6.73906790E-05  6.01627451E-05
1.76645181E-01  1.78159658E-05  5.95305259E-05
1.76930783E-01  -1.96860652E-05  5.93647051E-05
1.77216386E-01  6.51825603E-05  5.95403790E-05
1.77501988E-01  3.63826706E-05  5.93608676E-05
1.77787591E-01  7.48273848E-05  5.98728157E-05
1.78073193E-01  -6.55618588E-05  5.93733114E-05
1.78358796E-01  -6.30770016E-05  5.93134869E-05
1.78644399E-01  -2.80247956E-05  5.92128492E-05
1.78930001E-01  8.44699970E-05  5.93600673E-05
1.79215604E-01  -8.16258196E-05  5.91278941E-05
1.79501206E-01  4.84446476E-05  5.93130443E-05
1.79786809E-01  2.62010961E-05  5.91565028E-05
1.80072411E-01  4.66605520E-06  5.94519644E-05
1.80358014E-01  7.07628665E-06  5.86232161E-05
1.80643616E-01  1.01328101E-04  5.92275485E-05
1.80929219E-01  5.49513047E-05  5.90700207E-05
1.81214822E-01  -3.05379612E-05  5.90433729E-05
1.81500424E-01  -1.15752892E-06  5.90434927E-05
1.81786027E-01  2.30776560E-05  5.87516346E-05
1.82071629E-01  1.24539236E-05  5.87398499E-05
1.82357232E-01  -1.03425596E-04  5.88405627E-05
1.82642834E-01  -1.69091936E-05  5.85586628E-05
1.82928437E-01  2.55713239E-05  5.89357021E-05
1.83214039E-01  8.54510140E-05  5.89352873E-05
1.83499642E-01  2.96350130E-05  5.85801560E-05
1.83785245E-01  5.28771201E-05  5.86163001E-05
1.84070847E-01  7.79559107E-06  5.83173327E-05
1.84356450E-01  4.46792545E-05  5.88456800E-05
1.84642052E-01  -1.33487369E-05  5.84160817E-05
1.84927655E-01  4.18536578E-05  5.84725623E-05
1.85213257E-01  -3.56292972E-05  5.83728499E-05
1.85498860E-01  1.26230066E-04  5.84581979E-05
1.85784462E-01  9.02851858E-05  5.83255237E-05
1.86070065E-01  2.34943810E-05  5.85728425E-05
1.86355668E-01  3.19404073E-05  5.82142387E-05
1.86641270E-01  -3.32550777E-06  5.80831717E-05
1.86926873E-01  -3.48861842E-05  5.82344809E-05
1.87212475E-01  7.23508313E-05  5.89216028E-05
1.87498078E-01  7.87680047E-05  6.01736492E-05
1.87783680E-01  9.60786682E-05  6.08444200E-05
1.88069283E-01  3.62186226E-05  6.18845269E-05
1.88354885E-01  1.05288510E-04  6.19834933E-05
1.88640488E-01  -4.00502304E-05  6.20580564E-05
1.88926091E-01  -4.06345114E-05  6.29397396E-05
1.89211693E-01  -3.07019558E-06  6.30964740E-05
1.89497296E-01  8.08597779E-06  6.33913198E-05
1.89782898E-01  -3.55601065E-07  6.33629693E-05
1.90068501E-01  -9.39832244E-05  6.36023117E-05
1.90354103E-01  -1.65338074E-05  6.41785439E-05
1.90639706E-01  1.23678408E-04  6.35756850E-05
1.90925308E-01  -2.29501053E-05  6.43404127E-05
1.91210911E-01  -8.79433800E-05  6.38513589E-05
1.91496514E-01  3.41191776E-05  6.43775600E-05
1.91782116E-01  4.36013920E-05  6.48725165E-05
1.92067719E-01  1.34858981E-04  6.36510085E-05
1.92353321E-01  -1.90015201E-05  6.48395902E-05
1.92638924E-01  -1.11499744E-04  6.45654927E-05
1.92924526E-01  8.28419601E-05  6.48754576E-05
1.93210129E-01  9.12341927E-05  6.48994417E-05
1.93495731E-01  -2.15249252E-05  6.46027821E-05
1.93781334E-01  1.31085286E-05  6.56367854E-05
1.94066937E-01  5.16390236E-05  6.35852267E-05
1.94352539E-01  1.38103741E-04  6.29702035E-05
1.94638142E-01  -1.26133233E-06  6.17261043E-05
1.94923744E-01  2.98426210E-05  6.10265224E-05
1.95209347E-01  -1.35256558E-05  6.11123197E-05
1.95494949E-01  5.26561835E-05  5.98807311E-05
1.95780552E-01  8.17732037E-05  5.99474587E-05
1.96066154E-01  -6.52735556E-05  5.97030191E-05
1.96351757E-01  -2.57755627E-05  5.96548624E-05
1.96637360E-01  3.15308838E-05  5.98770735E-05
1.96922962E-01  -3.27380567E-05  5.85547655E-05
1.97208565E-01  2.49524298E-05  5.92644497E-05
1.97494167E-01  1.79684764E-05  5.92803875E-05
1.97779770E-01  -1.48584455E-05  5.89701695E-05
1.98065372E-01  -3.06049962E-06  5.89216574E-05
1.98350975E-01  6.48877581E-05  5.86026701E-05
1.98636577E-01  -7.80466145E-05  5.89832058E-05
1.98922180E-01  8.80837155E-05  5.87039904E-05
1.99207783E-01  -7.46158339E-05  5.84459377E-05
1.99493385E-01  -1.87056168E-05  5.82543688E-05
1.99778988E-01  -2.62124401E-05  5.85830637E-05
2.00064590E-01  4.01984733E-05  5.86630176E-05
2.00350193E-01  2.43831010E-05  5.82602717E-05
2.00635795E-01  -2.74795405E-05  5.79579173E-05
2.00921398E-01  8.11542542E-05  5.81908784E-05
2.01207000E-01  -7.61324292E-06  5.83679689E-05
2.01492603E-01  -4.14605505E-05  5.79578846E-05
2.01778206E-01  -2.01036868E-05  5.79899646E-05
2.02063808E-01  -1.30629038E-05  5.79506387E-05
2.02349411E-01  5.07539787E-05  5.77331577E-05
2.02635013E-01  -4.96498349E-05  5.81840305E-05
2.02920616E-01  2.73755953E-05  5.74722606E-05
2.03206218E-01  -2.72615287E-05  5.79042670E-05
2.03491821E-01  8.13911361E-05  5.77227879E-05
2.03777423E-01  2.32302613E-05  5.72787067E-05
2.04063026E-01  6.03460112E-05  5.76810793E-05
2.04348629E-01  -9.75878678E-05  5.72504681E-05
2.04634231E-01  1.43325459E-05  5.77458191E-05
2.04919834E-01  8.56389865E-05  5.76930679E-05
2.05205436E-01  6.04223291E-05  5.72603837E-05
2.05491039E-01  5.12940464E-05  5.73167563E-05
2.05776641E-01  -5.95144427E-06  5.69266204E-05
2.06062244E-01  -1.63107595E-05  5.74659481E-05
2.06347846E-01  -3.62958365E-05  5.69913054E-05
2.06633449E-01  3.38009278E-05  5.70327451E-05
2.06919052E-01  -6.73160730E-06  5.74525769E-05
2.07204654E-01  1.14461676E-04  5.68251622E-05
2.07490257E-01  2.37113608E-05  5.72600307E-05
2.07775859E-01  3.92278216E-05  5.65200668E-05
2.08061462E-01  6.57003693E-05  5.68684186E-05
2.08347064E-01  1.31645675E-04  5.72409100E-05
2.08632667E-01  1.60318527E-05  5.65544571E-05
2.08918269E-01  9.41394202E-05  5.68485907E-05
2.09203872E-01  3.88203245E-05  5.65621871E-05
2.09489475E-01  -3.04225443E-05  5.67894875E-05
2.09775077E-01  8.77110705E-05  5.66445589E-05
2.10060680E-01  -3.86686769E-05  5.66073973E-05
2.10346282E-01  -9.53691184E-05  5.66609141E-05
2.10631885E-01  -1.15758372E-04  5.62166907E-05
2.10917487E-01  8.50588907E-05  5.65969542E-05
2.11203090E-01  2.10122562E-05  5.61147978E-05
2.11488692E-01  -1.84017164E-05  5.64993626E-05
2.11774295E-01  -4.60873026E-07  5.66704063E-05
2.12059898E-01  7.10509279E-05  5.60527669E-05
2.12345500E-01  -2.40482784E-05  5.62682795E-05
2.12631103E-01  4.77484148E-06  5.61177077E-05
2.12916705E-01  -2.02733076E-05  5.63995905E-05
2.13202308E-01  1.43881666E-04  5.62120922E-05
2.13487910E-01  2.73840158E-05  5.59014239E-05
2.13773513E-01  7.35622018E-05  5.62519708E-05
2.14059115E-01  -8.34343285E-05  5.57905305E-05
2.14344718E-01  1.08885381E-04  5.61231167E-05
2.14630321E-01  1.93161767E-05  5.57495027E-05
2.14915923E-01  -2.33035067E-05  5.57778445E-05
2.15201526E-01  3.21817424E-05  5.63398929E-05
2.15487128E-01  -7.92432959E-05  5.55443513E-05
2.15772731E-01  4.87300616E-05  5.57584415E-05
2.16058333E-01  -9.10163063E-05  5.56831597E-05
2.16343936E-01  7.06547911E-05  5.57930991E-05
2.16629538E-01  8.84517810E-06  5.57797195E-05
2.16915141E-01  -1.11867261E-05  5.53608911E-05
2.17200744E-01  -4.14278456E-05  5.58116553E-05
2.17486346E-01  2.18303058E-05  5.53772270E-05
2.17771949E-01  -5.24388190E-05  5.53709839E-05
2.18057551E-01  -2.63201089E-05  5.52948246E-05
2.18343154E-01  -3.91338269E-05  5.49253743E-05
2.18628756E-01  3.18071637E-05  5.54631641E-05
2.18914359E-01  9.92471555E-05  5.45060881E-05
2.19199961E-01  1.52864845E-05  5.52378243E-05
2.19485564E-01  -8.16291670E-05  5.46989880E-05
2.19771167E-01  3.78453866E-06  5.50293216E-05
2.20056769E-01  -2.72309390E-05  5.48605205E-05
2.20342372E-01  -9.15906365E-05  5.47500087E-05
2.20627974E-01  -6.93137522E-05  5.48660588E-05
2.20913577E-01  9.13352999E-05  5.46248283E-05
2.21199179E-01  -1.03498180E-04  5.47270599E-05
2.21484782E-01  1.04809447E-04  5.47674960E-05
2.21770384E-01  1.19476242E-05  5.45076275E-05
2.22055987E-01  -4.08459571E-05  5.48489194E-05
2.22341590E-01  -1.30138298E-05  5.44857671E-05
2.22627192E-01  -4.57914568E-07  5.46678952E-05
2.22912795E-01  7.57264615E-05  5.43265265E-05
2.23198397E-01  -1.61862850E-05  5.46241771E-05
2.23484000E-01  6.76977752E-05  5.47435638E-05
2.23769602E-01  -8.80005252E-05  5.42486209E-05
2.24055205E-01  3.84864074E-05  5.46623612E-05
2.24340807E-01  2.10053435E-05  5.44642526E-05
2.24626410E-01  5.72881021E-06  5.49753816E-05
2.24912013E-01  -8.43190783E-05  5.44541198E-05
2.25197615E-01  2.16780581E-05  5.45567613E-05
2.25483218E-01  -4.40257787E-05  5.46720198E-05
2.25768820E-01  -2.80448641E-05  5.43148297E-05
2.26054423E-01  3.63376847E-05  5.46652764E-05
2.26340025E-01  4.48465454E-05  5.41487422E-05
2.26625628E-01  -1.57433853E-06  5.45486322E-05
2.26911230E-01  -4.69781828E-05  5.45478658E-05
2.27196833E-01  -2.81592449E-05  5.42329878E-05
2.27482436E-01  -1.66643778E-05  5.44621586E-05
2.27768038E-01  -1.36476582E-06  5.39411756E-05
2.28053641E-01  3.24708477E-06  5.45901881E-05
2.28339243E-01  2.92711697E-05  5.42570620E-05
2.28624846E-01  -1.15286622E-04  5.39855039E-05
2.28910448E-01  -5.64951411E-05  5.42378235E-05
2.29196051E-01  -5.98403747E-05  5.37827615E-05
2.29481654E-01  -5.67774261E-06  5.42748490E-05
2.29767256E-01  1.13553061E-04  5.39427548E-05
2.30052859E-01  4.03175974E-05  5.40324219E-05
2.30338461E-01  -2.22310159E-05  5.40691480E-05
2.30624064E-01  1.39301438E-05  5.39670564E-05
2.30909666E-01  -7.85347400E-05  5.41825945E-05
2.31195269E-01  -2.28433986E-05  5.33951172E-05
2.31480871E-01  4.80433672E-05  5.39401850E-05
2.31766474E-01  3.14075632E-05  5.38849775E-05
2.32052077E-01  -5.71488509E-05  5.39266116E-05
2.32337679E-01  4.34241747E-05  5.38772192E-05
2.32623282E-01  -2.02643678E-05  5.35175208E-05
2.32908884E-01  9.14220423E-06  5.38998072E-05
2.33194487E-01  -3.04701076E-05  5.36363367E-05
2.33480089E-01  1.91763359E-05  5.35493006E-05
2.33765692E-01  -5.26054079E-05  5.38122194E-05
2.34051294E-01  1.15147174E-06  5.33580481E-05
2.34336897E-01  -3.70878165E-05  5.38714940E-05
2.34622500E-01  6.91616201E-05  5.32415758E-05
2.34908102E-01  4.47643256E-05  5.34225313E-05
2.35193705E-01  -6.05190795E-05  5.36599016E-05
2.35479307E-01  2.65600507E-05  5.35335998E-05
2.35764910E-01  -4.98359789E-05  5.36698395E-05
2.36050512E-01  8.61275004E-05  5.29438664E-05
2.36336115E-01  -2.32622767E-05  5.34474459E-05
2.36621717E-01  -1.73694948E-05  5.31649470E-05
2.36907320E-01  4.35235889E-05  5.35177094E-05
2.37192923E-01  -1.57506443E-05  5.34352203E-05
2.37478525E-01  1.45788788E-05  5.30038095E-05
2.37764128E-01  3.09691248E-05  5.36095607E-05
2.38049730E-01  -2.06570437E-05  5.30310128E-05
2.38335333E-01  -3.35558562E-05  5.27791244E-05
2.38620935E-01  3.38488814E-05  5.32638139E-05
2.38906538E-01  -1.24549575E-05  5.30829878E-05
2.39192140E-01  -7.91120249E-05  5.34873209E-05
2.39477743E-01  7.04843268E-05  5.27867032E-05
2.39763346E-01  -3.34008846E-05  5.29961060E-05
2.40048948E-01  -6.03473904E-05  5.29110182E-05
2.40334551E-01  -6.09419950E-05  5.30500282E-05
2.40620153E-01  7.59309688E-05  5.31145635E-05
2.40905756E-01  8.96898459E-06  5.25322560E-05
2.41191358E-01  -2.16629970E-05  5.30613111E-05
2.41476961E-01  5.76565421E-05  5.28405670E-05
2.41762563E-01  3.67946977E-05  5.27543901E-05
2.42048166E-01  3.54831719E-05  5.28155581E-05
2.42333769E-01  9.18360902E-07  5.26555126E-05
2.42619371E-01  6.37404806E-05  5.29732121E-05
2.42904974E-01  -2.64967613E-05  5.24282040E-05
2.43190576E-01  -2.02273235E-05  5.24789774E-05
2.43476179E-01  5.66153687E-06  5.26690796E-05
2.43761781E-01  3.84134517E-05  5.26964444E-05
2.44047384E-01  -5.85020498E-05  5.26454377E-05
2.44332986E-01  -7.56248983E-05  5.23311989E-05
2.44618589E-01  2.79414962E-05  5.26433879E-05
2.44904192E-01  -1.22398454E-05  5.24680838E-05
2.45189794E-01  -4.89109977E-05  5.26025415E-05
2.45475397E-01  6.21509895E-05  5.25129530E-05
2.45760999E-01  7.44053906E-05  5.21722821E-05
2.46046602E-01  8.32881954E-05  5.24661236E-05
2.46332204E-01  -4.77530824E-06  5.21646736E-05
2.46617807E-01  -4.97549740E-05  5.23029266E-05
2.46903409E-01  5.73219919E-05  5.24272486E-05
2.47189012E-01  3.51771175E-05  5.23166217E-05
2.47474615E-01  3.19153121E-05  5.24562422E-05
2.47760217E-01  -2.43856879E-05  5.18407910E-05
2.48045820E-01  6.88007216E-05  5.34571065E-05
2.48331422E-01  4.88188872E-05  5.41133352E-05
2.48617025E-01  9.86938195E-05  5.48738019E-05
2.48902627E-01  -7.17756211E-05  5.53753326E-05
2.49188230E-01  -9.04666811E-06  5.53697226E-05
2.49473832E-01  -6.30025884E-05  5.59831980E-05
2.49759435E-01  3.25208338E-05  5.64364072E-05
2.50045038E-01  1.52751572E-05  5.75214883E-05
2.50330640E-01  4.74017486E-05  5.84252350E-05
2.50616243E-01  -6.28175316E-05  5.92729402E-05
2.50901845E-01  -2.53644518E-05  6.01875425E-05
2.51187448E-01  6.60242051E-05  6.02409965E-05
2.51473050E-01  9.37039825E-06  6.13290410E-05
2.51758653E-01  7.86017318E-06  6.19486160E-05
2.52044255E-01  6.81161086E-05  6.26629316E-05
2.52329858E-01  1.71933813E-06  6.33417123E-05
2.52615461E-01  4.75246760E-05  6.31739546E-05
2.52901063E-01  3.62019200E-05  6.38777659E-05
2.53186666E-01  -3.06755493E-05  6.43585866E-05
2.53472268E-01  5.69674575E-05  6.53701650E-05
2.53757871E-01  3.00558352E-05  6.57155970E-05
2.54043473E-01  -4.83914761E-05  6.61374717E-05
2.54329076E-01  1.16402450E-06  6.67874925E-05
2.54614678E-01  -1.25294179E-05  6.62489551E-05
2.54900281E-01  -9.40639032E-06  6.72497590E-05
2.55185884E-01  1.56803732E-04  6.74149851E-05
2.55471486E-01  7.52482011E-06  6.75506445E-05
2.55757089E-01  8.28254807E-05  6.85276376E-05
2.56042691E-01  8.53354245E-05  6.74870518E-05
2.56328294E-01  1.90497391E-05  6.88102711E-05
2.56613896E-01  -2.10459745E-05  6.84495873E-05
2.56899499E-01  5.63801962E-05  6.92665359E-05
2.57185101E-01  1.15007434E-05  6.97702359E-05
2.57470704E-01  5.29726468E-05  6.93310645E-05
2.57756307E-01  -1.70615479E-05  7.02658876E-05
2.58041909E-01  2.38184968E-05  6.95292333E-05
2.58327512E-01  4.88485380E-05  7.04958601E-05
2.58613114E-01  -3.45473484E-05  7.06934637E-05
2.58898717E-01  -5.43138725E-05  7.09867908E-05
2.59184319E-01  -7.03250777E-06  7.10824586E-05
2.59469922E-01  2.71571770E-06  6.99940747E-05
2.59755524E-01  1.26190787E-04  7.14591318E-05
2.60041127E-01  -3.94408687E-05  7.08475587E-05
2.60326730E-01  -5.64767240E-06  7.10960725E-05
2.60612332E-01  -4.21591481E-05  7.10704970E-05
2.60897935E-01  -6.20204357E-05  7.14788623E-05
2.61183537E-01  6.36508454E-05  7.24384766E-05
2.61469140E-01  1.67435531E-05  7.14417422E-05
2.61754742E-01  -5.71460341E-05  7.26140225E-05
2.62040345E-01  -1.18732004E-04  7.20713050E-05
2.62325947E-01  -2.52796990E-05  7.33761646E-05
2.62611550E-01  -1.20792417E-04  7.33402716E-05
2.62897153E-01  2.12245896E-07  7.21666849E-05
2.63182755E-01  6.53198310E-05  7.42247177E-05
2.63468358E-01  1.40761344E-04  7.32727755E-05
2.63753960E-01  -1.05528449E-04  7.48935248E-05
2.64039563E-01  -5.41627461E-05  7.37309768E-05
2.64325165E-01  -1.93970421E-05  7.34644429E-05
2.64610768E-01  2.17154153E-05  7.57556853E-05
2.64896370E-01  1.43047501E-05  7.44634163E-05
2.65181973E-01  -2.32378126E-05  7.50958513E-05
2.65467576E-01  5.39032432E-05  7.51447613E-05
2.65753178E-01  -1.88834826E-05  7.55762338E-05
2.66038781E-01  1.19699375E-04  7.70285180E-05
2.66324383E-01  -2.91763797E-05  7.49157742E-05
2.66609986E-01  -8.85124091E-06  7.63085800E-05
2.66895588E-01  -1.81477749E-04  7.66542843E-05
2.67181191E-01  -8.82791069E-05  7.68381659E-05
2.67466793E-01  -8.11529926E-05  7.79920347E-05
2.67752396E-01  -5.83028704E-05  7.64432467E-05
2.68037999E-01  -6.85105305E-05  7.75268174E-05
2.68323601E-01  -1.98965932E-05  7.81439644E-05
2.68609204E-01  8.50650157E-05  7.77711065E-05
2.68894806E-01  -9.80096883E-05  7.82105219E-05
2.69180409E-01  -6.51208496E-05  7.80315353E-05
2.69466011E-01  -1.63833794E-04  7.88710201E-05
2.69751614E-01  1.21421283E-04  7.97205306E-05
2.70037216E-01  7.83399914E-05  7.81902179E-05
2.70322819E-01  -8.82705808E-05  7.96430384E-05
2.70608422E-01  -1.24017822E-05  7.93880086E-05
2.70894024E-01  8.77191043E-05  8.07402034E-05
2.71179627E-01  -8.21951200E-05  7.93360885E-05
2.71465229E-01  -2.42891746E-05  7.98878996E-05
2.71750832E-01  5.37214355E-05  8.03784353E-05
2.72036434E-01  -1.02653001E-04  8.06253994E-05
2.72322037E-01  1.24599410E-04  7.99014796E-05
2.72607639E-01  4.43172721E-05  8.05051360E-05
2.72893242E-01  1.63046406E-05  8.10492996E-05
2.73178845E-01  -3.23570119E-05  8.09615581E-05
2.73464447E-01  -1.03887593E-04  8.08917676E-05
2.73750050E-01  6.66870631E-05  8.05881930E-05
2.74035652E-01  2.51453067E-04  8.20607091E-05
2.74321255E-01  -9.20557930E-05  8.26848875E-05
2.74606857E-01  -1.14556422E-07  8.08767432E-05
2.74892460E-01  -3.16517193E-05  8.29123405E-05
2.75178062E-01  -4.83136383E-05  8.17987362E-05
2.75463665E-01  -1.28402538E-04  8.33367309E-05
2.75749268E-01  1.15687188E-04  8.28448189E-05
2.76034870E-01  1.97778888E-05  8.25539735E-05
2.76320473E-01  -3.86219725E-05  8.47430455E-05
2.76606075E-01  -8.15192717E-05  8.30106480E-05
2.76891678E-01  -2.03864262E-05  8.44793182E-05
2.77177280E-01  -7.83378894E-05  8.39128233E-05
2.77462883E-01  -3.51500987E-05  8.44809406E-05
2.77748485E-01  -6.45021237E-05  8.55013908E-05
2.78034088E-01  4.76894555E-05  8.41485232E-05
2.78319691E-01  -3.06641242E-05  8.57975466E-05
2.78605293E-01  2.86384643E-05  8.50210497E-05
2.78890896E-01  -8.39784367E-05  8.59966456E-05
2.79176498E-01  1.51500972E-04  8.57861039E-05
2.79462101E-01  5.61509769E-05  8.62335939E-05
2.79747703E-01  -1.90047698E-05  8.72020778E-05
2.80033306E-01  -7.39996270E-05  8.61613215E-05
2.80318908E-01  3.48109890E-05  8.74424555E-05
2.80604511E-01  1.33703973E-05  8.68239010E-05
2.80890114E-01  3.85986478E-05  8.76428563E-05
2.81175716E-01  7.94754767E-05  8.76231494E-05
2.81461319E-01  1.08631505E-04  8.63514730E-05
2.81746921E-01  4.24952430E-05  8.80761685E-05
2.82032524E-01  -2.64983293E-05  8.65385819E-05
2.82318126E-01  -5.94979128E-05  8.76652563E-05
2.82603729E-01  6.28274595E-05  8.74714701E-05
2.82889331E-01  9.45758544E-05  8.77377990E-05
2.83174934E-01  -8.69024478E-05  8.83646173E-05
2.83460537E-01  -4.49113677E-05  8.67075563E-05
2.83746139E-01  1.46610550E-04  8.84687406E-05
2.84031742E-01  -2.25046536E-05  8.76179919E-05
2.84317344E-01  -1.57465085E-04  8.86362241E-05
2.84602947E-01  3.36299500E-05  8.98233436E-05
2.84888549E-01  9.74249675E-05  8.78355096E-05
2.85174152E-01  -1.07361432E-04  8.95285553E-05
2.85459754E-01  9.05671344E-05  8.88822228E-05
2.85745357E-01  1.88278270E-05  8.98996454E-05
2.86030960E-01  -7.78604378E-05  9.00179769E-05
2.86316562E-01  1.88381474E-04  9.07702284E-05
2.86602165E-01  -7.79656648E-05  9.12144997E-05
2.86887767E-01  -1.87318868E-05  8.98913763E-05
2.87173370E-01  8.88107355E-05  9.16438384E-05
2.87458972E-01  -4.38773699E-05  9.06763955E-05
2.87744575E-01  1.24999042E-04  9.27806496E-05
2.88030177E-01  -1.20843801E-05  9.26572325E-05
2.88315780E-01  -2.35122608E-05  9.11075420E-05
2.88601383E-01  -4.32890586E-05  9.36888221E-05
2.88886985E-01  2.05885514E-05  9.14445987E-05
2.89172588E-01  1.18027431E-05  9.41599101E-05
2.89458190E-01  1.82765225E-04  9.28241115E-05
2.89743793E-01  5.51898843E-05  9.34449876E-05
2.90029395E-01  -1.83345296E-05  9.56905867E-05
2.90314998E-01  1.03540403E-04  9.22462953E-05
2.90600600E-01  -1.25366157E-04  9.58290534E-05
2.90886203E-01  -6.68933330E-06  9.35499589E-05
2.91171806E-01  1.55504691E-04  9.52052758E-05
2.91457408E-01  1.40499044E-05  9.68261474E-05
2.91743011E-01  -1.30824946E-05  9.44757504E-05
2.92028613E-01  8.56572251E-05  9.71644342E-05
2.92314216E-01  1.05364652E-04  9.50917395E-05
2.92599818E-01  -1.57321954E-04  9.73361792E-05
2.92885421E-01  -4.16546053E-06  9.69093459E-05
2.93171023E-01  -5.13200525E-05  9.71242650E-05
2.93456626E-01  -1.00582653E-04  9.81960614E-05
2.93742229E-01  4.80219909E-05  9.68350402E-05
2.94027831E-01  -5.01714638E-05  9.88736963E-05
2.94313434E-01  1.17860425E-04  9.83922201E-05
2.94599036E-01  1.42634336E-04  9.84657706E-05
2.94884639E-01  2.17861893E-04  9.95669271E-05
2.95170241E-01  1.91189842E-05  9.93285648E-05
2.95455844E-01  9.38259813E-05  1.00207713E-04
2.95741446E-01  1.20940397E-04  9.88092603E-05
2.96027049E-01  -3.00432477E-05  1.01352800E-04
2.96312652E-01  -2.38512874E-04  1.00100130E-04
2.96598254E-01  6.47848067E-06  1.01771433E-04
2.96883857E-01  -1.99715333E-04  1.02005785E-04
2.97169459E-01  -9.66772002E-06  9.99750793E-05
2.97455062E-01  6.58292312E-05  1.03656172E-04
2.97740664E-01  2.24808920E-05  1.01207662E-04
2.98026267E-01  -1.53022123E-04  1.03786538E-04
2.98311869E-01  1.09083643E-04  1.03626668E-04
2.98597472E-01  1.49483762E-05  1.01973913E-04
2.98883075E-01  1.18974704E-04  1.05484991E-04
2.99168677E-01  8.02537647E-06  1.02808829E-04
2.99454280E-01  -7.03496447E-05  1.05420334E-04
2.99739882E-01  1.68713589E-04  1.04688689E-04
3.00025485E-01  3.63022166E-05  1.04811821E-04
3.00311087E-01  1.77687955E-04  1.07534071E-04
3.00596690E-01  4.01182700E-05  1.04015548E-04
3.00882292E-01  -8.63541803E-05  1.07769346E-04
3.01167895E-01  -1.38338612E-04  1.05359125E-04
3.01453498E-01  -9.43482366E-05  1.07472916E-04
3.01739100E-01  1.40992634E-04  1.08204486E-04
3.02024703E-01  -1.81892598E-04  1.06420437E-04
3.02310305E-01  1.86168295E-04  1.10666901E-04
3.02595908E-01  -9.19495555E-05  1.06430776E-04
3.02881510E-01  6.76955675E-05  1.10020109E-04
3.03167113E-01  -3.34739263E-05  1.09260279E-04
3.03452715E-01  -2.01186338E-04  1.09826659E-04
3.03738318E-01  -2.28086724E-04  1.12110968E-04
3.04023921E-01  -7.66545261E-05  1.08033994E-04
3.04309523E-01  -1.00434166E-04  1.12729146E-04
3.04595126E-01  -1.13536009E-04  1.10014026E-04
3.04880728E-01  1.00706755E-04  1.12652311E-04
3.05166331E-01  2.47995951E-04  1.12894257E-04
3.05451933E-01  -3.88082606E-04  1.11657523E-04
3.05737536E-01  -1.19115508E-04  1.15070295E-04
3.06023138E-01  -1.28873627E-05  1.11092166E-04
3.06308741E-01  -2.56008510E-05  1.15176197E-04
3.06594344E-01  1.07360683E-04  1.14790874E-04
3.06879946E-01  7.02307869E-05  1.14493862E-04
3.07165549E-01  -1.22296967E-05  1.17687599E-04
3.07451151E-01  -1.40804788E-04  1.14307436E-04
3.07736754E-01  -2.89131351E-05  1.17652046E-04
3.08022356E-01  2.60381868E-05  1.15295857E-04
3.08307959E-01  -1.61893910E-04  1.18264075E-04
3.08593561E-01  -1.80598006E-05  1.18524891E-04
3.08879164E-01  5.09334236E-05  1.16622627E-04
3.09164767E-01  4.41773372E-05  1.21124315E-04
3.09450369E-01  1.56155745E-04  1.16933973E-04
3.09735972E-01  -2.74729056E-04  1.21026587E-04
3.10021574E-01  -7.23171889E-05  1.19809827E-04
3.10307177E-01  -1.46507548E-04  1.20518326E-04
3.10592779E-01  -4.40416533E-05  1.23850149E-04
3.10878382E-01  8.08875634E-05  1.18793939E-04
3.11163984E-01  -3.19557329E-05  1.24085604E-04
3.11449587E-01  1.78326730E-04  1.21270687E-04
3.11735190E-01  -1.65626143E-05  1.24404704E-04
3.12020792E-01  1.11826830E-04  1.24431740E-04
3.12306395E-01  -5.97345288E-05  1.23717955E-04
3.12591997E-01  -1.86991367E-05  1.26938686E-04
3.12877600E-01  -1.06498711E-04  1.22372938E-04
3.13163202E-01  9.50295736E-06  1.25948383E-04
3.13448805E-01  -8.22610680E-05  1.24633072E-04
3.13734407E-01  -3.38582081E-05  1.24670358E-04
3.14020010E-01  3.89956117E-05  1.28303641E-04
3.14305613E-01  1.43462358E-05  1.21411320E-04
3.14591215E-01  -1.50144085E-05  1.26810003E-04
3.14876818E-01  1.41154368E-04  1.24125070E-04
3.15162420E-01  8.61668581E-05  1.25681259E-04
3.15448023E-01  6.77387009E-05  1.26568887E-04
3.15733625E-01  1.14103063E-04  1.23966070E-04
3.16019228E-01  -6.93062320E-05  1.28117813E-04
3.16304830E-01  -2.18921192E-05  1.22727436E-04
3.16590433E-01  -1.54568528E-04  1.27230606E-04
3.16876036E-01  8.33693407E-05  1.25986827E-04
3.17161638E-01  9.66163127E-05  1.27290924E-04
3.17447241E-01  -4.37007066E-05  1.29188816E-04
3.17732843E-01  4.60025969E-05  1.24730501E-04
3.18018446E-01  -1.56294033E-04  1.30011569E-04
3.18304048E-01  -1.94690047E-04  1.27573295E-04
3.18589651E-01  -2.18809679E-05  1.30392805E-04
3.18875253E-01  3.20210338E-05  1.31071015E-04
3.19160856E-01  5.43805670E-05  1.30361181E-04
3.19446459E-01  1.46410398E-04  1.34601790E-04
3.19732061E-01  -1.52262587E-04  1.28624744E-04
3.20017664E-01  -2.45606092E-04  1.35558022E-04
3.20303266E-01  -1.99965614E-05  1.32292146E-04
3.20588869E-01  -1.64058109E-04  1.34487280E-04
3.20874471E-01  -2.28659463E-04  1.38001343E-04
3.21160074E-01  1.88369184E-04  1.32008752E-04
3.21445676E-01  -1.34941653E-04  1.37882418E-04
3.21731279E-01  1.11713574E-04  1.34605803E-04
3.22016882E-01  -3.43993615E-06  1.39730183E-04
3.22302484E-01  2.83898097E-04  1.37622506E-04
3.22588087E-01  -8.67497598E-05  1.37928552E-04
3.22873689E-01  5.33945297E-05  1.43683593E-04
3.23159292E-01  -1.73797777E-05  1.35335836E-04
3.23444894E-01  -4.05486594E-04  1.45039764E-04
3.23730497E-01  1.05788740E-04  1.39483009E-04
3.24016099E-01  -9.65214874E-05  1.43316173E-04
3.24301702E-01  -9.99753199E-05  1.48405876E-04
3.24587305E-01  1.16024603E-04  1.38889343E-04
3.24872907E-01  -2.49933845E-04  1.48412135E-04
3.25158510E-01  5.59207765E-05  1.42130378E-04
3.25444112E-01  1.42436971E-05  1.49595114E-04
3.25729715E-01  -7.14529641E-05  1.46664529E-04
3.26015317E-01  1.52470399E-04  1.47600384E-04
3.26300920E-01  3.99298030E-04  1.54769964E-04
3.26586522E-01  1.51847240E-04  1.45674402E-04
3.26872125E-01  3.13157346E-04  1.53751813E-04
3.27157728E-01  1.93567650E-04  1.49116585E-04
3.27443330E-01  1.32463019E-04  1.54527861E-04
3.27728933E-01  -3.20684515E-05  1.57378369E-04
3.28014535E-01  -1.96097010E-04  1.50001972E-04
3.28300138E-01  -9.98244569E-05  1.61508606E-04
3.28585740E-01  3.83876580E-05  1.51423287E-04
3.28871343E-01  -1.85597681E-04  1.60720715E-04
3.29156945E-01  -1.36601268E-04  1.56859949E-04
3.29442548E-01  1.11607938E-04  1.59361377E-04
3.29728151E-01  -5.53701127E-05  1.67372842E-04
3.30013753E-01  1.29060175E-04  1.54920302E-04
3.30299356E-01  4.85828851E-05  1.68825005E-04
3.30584958E-01  4.96617877E-05  1.59452201E-04
3.30870561E-01  -1.98415930E-05  1.66994413E-04
3.31156163E-01  -1.59584167E-04  1.69829811E-04
3.31441766E-01  7.51355168E-05  1.63302523E-04
3.31727368E-01  1.28835804E-04  1.76527148E-04
3.32012971E-01  -4.30710269E-04  1.62981439E-04
3.32298574E-01  7.17767365E-06  1.75722053E-04
3.32584176E-01  1.73891889E-04  1.69819148E-04
3.32869779E-01  -1.65047608E-04  1.74783234E-04
3.33155381E-01  -2.89826889E-05  1.85085934E-04
3.33440984E-01  5.37277204E-05  1.67690543E-04
3.33726586E-01  -5.87758454E-05  1.84705064E-04
3.34012189E-01  1.15931731E-04  1.74516423E-04
3.34297791E-01  -1.05572488E-04  1.83536204E-04
3.34583394E-01  -1.28770555E-04  1.84454142E-04
3.34868997E-01  6.19821870E-05  1.80494434E-04
3.35154599E-01  1.33369699E-04  1.96033804E-04
3.35440202E-01  1.58180687E-04  1.78598256E-04
3.35725804E-01  -7.58713231E-05  1.95257508E-04
3.36011407E-01  -1.11164067E-04  1.87156053E-04
3.36297009E-01  1.45338552E-04  1.93586553E-04
3.36582612E-01  3.40563947E-04  2.07489960E-04
3.36868214E-01  2.74617873E-04  1.84947328E-04
3.37153817E-01  -4.74452312E-04  2.06115148E-04
3.37439420E-01  -2.53199627E-05  1.93515738E-04
3.37725022E-01  4.86922525E-07  2.07028594E-04
3.38010625E-01  -7.34094142E-05  2.06795045E-04
3.38296227E-01  7.61149373E-05  2.01113985E-04
3.38581830E-01  -3.30907913E-04  2.23760598E-04
3.38867432E-01  6.59612623E-05  1.96864121E-04
3.39153035E-01  -2.63734319E-04  2.25489164E-04
3.39438637E-01  4.50413230E-05  2.07027515E-04
3.39724240E-01  8.81201448E-05  2.23266600E-04
3.40009843E-01  -4.03136430E-05  2.39107750E-04
3.40295445E-01  1.11642117E-04  2.06715784E-04
3.40581048E-01  -3.87111658E-04  2.38548427E-04
3.40866650E-01  1.17662870E-04  2.19621560E-04
3.41152253E-01  2.62940616E-04  2.40540079E-04
3.41437855E-01  -4.49146389E-04  2.33887138E-04
3.41723458E-01  2.65582747E-04  2.36492996E-04
3.42009060E-01  1.82883127E-04  2.64868493E-04
3.42294663E-01  -6.35870224E-05  2.27550369E-04
3.42580266E-01  -3.43905648E-04  2.60548199E-04
3.42865868E-01  -1.46446492E-04  2.46942058E-04
3.43151471E-01  4.23531731E-04  2.57592519E-04
3.43437073E-01  -1.34918362E-04  2.94043049E-04
3.43722676E-01  -5.73390576E-05  2.38195847E-04
3.44008278E-01  -1.00680267E-04  3.13157775E-04
3.44293881E-01  -1.40172218E-04  2.49814135E-04
3.44579483E-01  -2.76334229E-04  3.02539596E-04
3.44865086E-01  9.42652960E-05  2.80684564E-04
3.45150689E-01  -5.72979154E-05  2.88476695E-04
3.45436291E-01  -6.74968664E-05  3.60332851E-04
3.45721894E-01  3.31644160E-04  2.59343951E-04
3.46007496E-01  -8.65201807E-05  3.76767879E-04
3.46293099E-01  4.20290802E-05  2.80261391E-04
3.46578701E-01  5.62513788E-06  3.76521957E-04
3.46864304E-01  3.43051197E-04  3.43217388E-04
3.47149906E-01  2.63764430E-04  3.30287137E-04
3.47435509E-01  4.90281057E-04  4.28842688E-04
3.47721112E-01  1.68454987E-04  3.13231892E-04
3.48006714E-01  -2.70747226E-04  4.62539986E-04
3.48292317E-01  1.70134221E-04  3.37498568E-04
3.48577919E-01  1.55795979E-04  4.97372119E-04
3.48863522E-01  1.03309153E-03  5.17718816E-04
3.49149124E-01  -3.20565068E-04  3.82359101E-04


### HEADER:
#
#{
#    "analysis": {},
#    "calibration_params": {
#        "Beam_Center_X": 881.2161843050646,
#        "Beam_Center_Y": 172.5143929386502,
#        "Detector Tilt": 4.178117174649693,
#        "Detector Tilt Plane Rotation": -139.0107762173054,
#        "Detector_X_Pixel_Size": 172.0,
#        "Detector_Y_Pixel_Size": 172.0,
#        "Integration Method": "nosplit_csr_ocl",
#        "Radial_Average_Method": "pyFAI",
#        "Sample-to-detector distance (mm)": 3657.7170107663346,
#        "Wavelength (A)": 1.03320164497
#    },
#    "config_file": null,
#    "counters": {
#        "Attenuator,_16_foil": "Out",
#        "Attenuator,_1_foil": "Out",
#        "Attenuator,_2_foil": "Out",
#        "Attenuator,_32_foil": "Out",
#        "Attenuator,_4_foil": "Out",
#        "Attenuator,_8_foil": "Out",
#        "Buffer": "20 mM Tris HCL, 200 mM NaCl, pH 8.0",
#        "Coflow_on": "True",
#        "Collimator_vacuum_mtorr": "3.2",
#        "Column": "Superose 6 10/300 Increase",
#        "Concentration_mg/ml": "11.9",
#        "D_hutch_shutter_open": "True",
#        "Date": "2021-10-10 23:36:28.216897",
#        "Experiment_type": "SEC-SAXS",
#        "Exposure time/frame (s)": "0.5",
#        "Exposure_period/frame_s": "2.0",
#        "File_prefix": "SS19_042",
#        "Flight_tube_vacuum_mtorr": "12.7",
#        "Flow rate (ml/min)": "0.6",
#        "Front_end_shutter_open": "True",
#        "Guard_slit_vacuum_mtorr": "12.5",
#        "I0_gain": "1e+05",
#        "I1_gain": "1e+06",
#        "I2_gain": "1e+06",
#        "I3_gain": "1e+03",
#        "Instrument": "BioCAT (Sector 18, APS)",
#        "Loaded_volume_uL": "100",
#        "Nominal_Transmission_12_keV": "1.0",
#        "Notes": "Diluted stock of 17.7 mg/ml by 1/3rd.",
#        "Number_of_frames": "1800",
#        "Outlet_flow_rate_mL/min": "0.857142857143",
#        "Sample": "WT Caulobacter PopZ",
#        "Sample_vacuum_mtorr": "12.9",
#        "Save_directory": "/nas_data/2021_Run3/20211009_Sukenik/SS19",
#        "Sheath_excess_ratio": "1.5",
#        "Sheath_inlet_flow_rate_including_excess_mL/min": "0.9",
#        "Sheath_ratio": "0.3",
#        "Temperature_C": "20",
#        "Wait_for_trigger": "False"
#    },
#    "filename": "test_2ewm.dat",
#    "history": {
#        "subtraction": {
#            "initial_file": [
#                "A_SS19_042_0946.dat",
#                {
#                    "averaged_files": [
#                        [
#                            "SS19_042_0946.dat"
#                        ],
#                        [
#                            "SS19_042_0947.dat"
#                        ],
#                        [
#                            "SS19_042_0948.dat"
#                        ],
#                        [
#                            "SS19_042_0949.dat"
#                        ],
#                        [
#                            "SS19_042_0950.dat"
#                        ],
#                        [
#                            "SS19_042_0951.dat"
#                        ],
#                        [
#                            "SS19_042_0952.dat"
#                        ],
#                        [
#                            "SS19_042_0953.dat"
#                        ],
#                        [
#                            "SS19_042_0954.dat"
#                        ],
#                        [
#                            "SS19_042_0955.dat"
#                        ],
#                        [
#                            "SS19_042_0956.dat"
#                        ],
#                        [
#                            "SS19_042_0957.dat"
#                        ],
#                        [
#                            "SS19_042_0958.dat"
#                        ],
#                        [
#                            "SS19_042_0959.dat"
#                        ],
#                        [
#                            "SS19_042_0960.dat"
#                        ],
#                        [
#                            "SS19_042_0961.dat"
#                        ],
#                        [
#                            "SS19_042_0962.dat"
#                        ],
#                        [
#                            "SS19_042_0963.dat"
#                        ],
#                        [
#                            "SS19_042_0964.dat"
#                        ],
#                        [
#                            "SS19_042_0965.dat"
#                        ],
#                        [
#                            "SS19_042_0966.dat"
#                        ],
#                        [
#                            "SS19_042_0967.dat"
#                        ],
#                        [
#                            "SS19_042_0968.dat"
#                        ],
#                        [
#                            "SS19_042_0969.dat"
#                        ],
#                        [
#                            "SS19_042_0970.dat"
#                        ],
#                        [
#                            "SS19_042_0971.dat"
#                        ],
#                        [
#                            "SS19_042_0972.dat"
#                        ],
#                        [
#                            "SS19_042_0973.dat"
#                        ],
#                        [
#                            "SS19_042_0974.dat"
#                        ],
#                        [
#                            "SS19_042_0975.dat"
#                        ],
#                        [
#                            "SS19_042_0976.dat"
#                        ],
#                        [
#                            "SS19_042_0977.dat"
#                        ],
#                        [
#                            "SS19_042_0978.dat"
#                        ],
#                        [
#                            "SS19_042_0979.dat"
#                        ],
#                        [
#                            "SS19_042_0980.dat"
#                        ],
#                        [
#                            "SS19_042_0981.dat"
#                        ],
#                        [
#                            "SS19_042_0982.dat"
#                        ],
#                        [
#                            "SS19_042_0983.dat"
#                        ],
#                        [
#                            "SS19_042_0984.dat"
#                        ],
#                        [
#                            "SS19_042_0985.dat"
#                        ],
#                        [
#                            "SS19_042_0986.dat"
#                        ],
#                        [
#                            "SS19_042_0987.dat"
#                        ],
#                        [
#                            "SS19_042_0988.dat"
#                        ],
#                        [
#                            "SS19_042_0989.dat"
#                        ],
#                        [
#                            "SS19_042_0990.dat"
#                        ],
#                        [
#                            "SS19_042_0991.dat"
#                        ],
#                        [
#                            "SS19_042_0992.dat"
#                        ],
#                        [
#                            "SS19_042_0993.dat"
#                        ],
#                        [
#                            "SS19_042_0994.dat"
#                        ],
#                        [
#                            "SS19_042_0995.dat"
#                        ],
#                        [
#                            "SS19_042_0996.dat"
#                        ],
#                        [
#                            "SS19_042_0997.dat"
#                        ],
#                        [
#                            "SS19_042_0998.dat"
#                        ],
#                        [
#                            "SS19_042_0999.dat"
#                        ],
#                        [
#                            "SS19_042_1000.dat"
#                        ],
#                        [
#                            "SS19_042_1001.dat"
#                        ]
#                    ]
#                }
#            ],
#            "subtracted_file": [
#                "A_SS19_042_0075.dat",
#                {
#                    "averaged_files": [
#                        [
#                            "SS19_042_0075.dat"
#                        ],
#                        [
#                            "SS19_042_0076.dat"
#                        ],
#                        [
#                            "SS19_042_0077.dat"
#                        ],
#                        [
#                            "SS19_042_0078.dat"
#                        ],
#                        [
#                            "SS19_042_0079.dat"
#                        ],
#                        [
#                            "SS19_042_0080.dat"
#                        ],
#                        [
#                            "SS19_042_0081.dat"
#                        ],
#                        [
#                            "SS19_042_0082.dat"
#                        ],
#                        [
#                            "SS19_042_0083.dat"
#                        ],
#                        [
#                            "SS19_042_0084.dat"
#                        ],
#                        [
#                            "SS19_042_0085.dat"
#                        ],
#                        [
#                            "SS19_042_0086.dat"
#                        ],
#                        [
#                            "SS19_042_0087.dat"
#                        ],
#                        [
#                            "SS19_042_0088.dat"
#                        ],
#                        [
#                            "SS19_042_0089.dat"
#                        ],
#                        [
#                            "SS19_042_0090.dat"
#                        ],
#                        [
#                            "SS19_042_0091.dat"
#                        ],
#                        [
#                            "SS19_042_0092.dat"
#                        ],
#                        [
#                            "SS19_042_0093.dat"
#                        ],
#                        [
#                            "SS19_042_0094.dat"
#                        ],
#                        [
#                            "SS19_042_0095.dat"
#                        ],
#                        [
#                            "SS19_042_0096.dat"
#                        ],
#                        [
#                            "SS19_042_0097.dat"
#                        ],
#                        [
#                            "SS19_042_0098.dat"
#                        ],
#                        [
#                            "SS19_042_0099.dat"
#                        ],
#                        [
#                            "SS19_042_0100.dat"
#                        ],
#                        [
#                            "SS19_042_0101.dat"
#                        ],
#                        [
#                            "SS19_042_0102.dat"
#                        ],
#                        [
#                            "SS19_042_0103.dat"
#                        ],
#                        [
#                            "SS19_042_0104.dat"
#                        ],
#                        [
#                            "SS19_042_0105.dat"
#                        ],
#                        [
#                            "SS19_042_0106.dat"
#                        ],
#                        [
#                            "SS19_042_0107.dat"
#                        ],
#                        [
#                            "SS19_042_0108.dat"
#                        ],
#                        [
#                            "SS19_042_0109.dat"
#                        ],
#                        [
#                            "SS19_042_0110.dat"
#                        ],
#                        [
#                            "SS19_042_0111.dat"
#                        ],
#                        [
#                            "SS19_042_0112.dat"
#                        ],
#                        [
#                            "SS19_042_0113.dat"
#                        ],
#                        [
#                            "SS19_042_0114.dat"
#                        ],
#                        [
#                            "SS19_042_0115.dat"
#                        ],
#                        [
#                            "SS19_042_0116.dat"
#                        ],
#                        [
#                            "SS19_042_0117.dat"
#                        ],
#                        [
#                            "SS19_042_0118.dat"
#                        ],
#                        [
#                            "SS19_042_0119.dat"
#                        ],
#                        [
#                            "SS19_042_0120.dat"
#                        ],
#                        [
#                            "SS19_042_0121.dat"
#                        ],
#                        [
#                            "SS19_042_0122.dat"
#                        ],
#                        [
#                            "SS19_042_0123.dat"
#                        ],
#                        [
#                            "SS19_042_0124.dat"
#                        ],
#                        [
#                            "SS19_042_0125.dat"
#                        ],
#                        [
#                            "SS19_042_0126.dat"
#                        ],
#                        [
#                            "SS19_042_0127.dat"
#                        ],
#                        [
#                            "SS19_042_0128.dat"
#                        ],
#                        [
#                            "SS19_042_0129.dat"
#                        ],
#                        [
#                            "SS19_042_0130.dat"
#                        ],
#                        [
#                            "SS19_042_0131.dat"
#                        ],
#                        [
#                            "SS19_042_0132.dat"
#                        ],
#                        [
#                            "SS19_042_0133.dat"
#                        ],
#                        [
#                            "SS19_042_0134.dat"
#                        ],
#                        [
#                            "SS19_042_1331.dat"
#                        ],
#                        [
#                            "SS19_042_1332.dat"
#                        ],
#                        [
#                            "SS19_042_1333.dat"
#                        ],
#                        [
#                            "SS19_042_1334.dat"
#                        ],
#                        [
#                            "SS19_042_1335.dat"
#                        ],
#                        [
#                            "SS19_042_1336.dat"
#                        ],
#                        [
#                            "SS19_042_1337.dat"
#                        ],
#                        [
#                            "SS19_042_1338.dat"
#                        ],
#                        [
#                            "SS19_042_1339.dat"
#                        ],
#                        [
#                            "SS19_042_1340.dat"
#                        ],
#                        [
#                            "SS19_042_1341.dat"
#                        ],
#                        [
#                            "SS19_042_1342.dat"
#                        ],
#                        [
#                            "SS19_042_1343.dat"
#                        ],
#                        [
#                            "SS19_042_1344.dat"
#                        ],
#                        [
#                            "SS19_042_1345.dat"
#                        ],
#                        [
#                            "SS19_042_1346.dat"
#                        ],
#                        [
#                            "SS19_042_1347.dat"
#                        ],
#                        [
#                            "SS19_042_1348.dat"
#                        ],
#                        [
#                            "SS19_042_1349.dat"
#                        ],
#                        [
#                            "SS19_042_1350.dat"
#                        ],
#                        [
#                            "SS19_042_1351.dat"
#                        ],
#                        [
#                            "SS19_042_1352.dat"
#                        ],
#                        [
#                            "SS19_042_1353.dat"
#                        ],
#                        [
#                            "SS19_042_1354.dat"
#                        ],
#                        [
#                            "SS19_042_1355.dat"
#                        ],
#                        [
#                            "SS19_042_1356.dat"
#                        ],
#                        [
#                            "SS19_042_1357.dat"
#                        ],
#                        [
#                            "SS19_042_1358.dat"
#                        ],
#                        [
#                            "SS19_042_1359.dat"
#                        ],
#                        [
#                            "SS19_042_1360.dat"
#                        ],
#                        [
#                            "SS19_042_1361.dat"
#                        ],
#                        [
#                            "SS19_042_1362.dat"
#                        ],
#                        [
#                            "SS19_042_1363.dat"
#                        ],
#                        [
#                            "SS19_042_1364.dat"
#                        ],
#                        [
#                            "SS19_042_1365.dat"
#                        ],
#                        [
#                            "SS19_042_1366.dat"
#                        ],
#                        [
#                            "SS19_042_1367.dat"
#                        ],
#                        [
#                            "SS19_042_1368.dat"
#                        ],
#                        [
#                            "SS19_042_1369.dat"
#                        ],
#                        [
#                            "SS19_042_1370.dat"
#                        ],
#                        [
#                            "SS19_042_1371.dat"
#                        ],
#                        [
#                            "SS19_042_1372.dat"
#                        ],
#                        [
#                            "SS19_042_1373.dat"
#                        ],
#                        [
#                            "SS19_042_1374.dat"
#                        ],
#                        [
#                            "SS19_042_1375.dat"
#                        ],
#                        [
#                            "SS19_042_1376.dat"
#                        ],
#                        [
#                            "SS19_042_1377.dat"
#                        ],
#                        [
#                            "SS19_042_1378.dat"
#                        ],
#                        [
#                            "SS19_042_1379.dat"
#                        ],
#                        [
#                            "SS19_042_1380.dat"
#                        ],
#                        [
#                            "SS19_042_1381.dat"
#                        ],
#                        [
#                            "SS19_042_1382.dat"
#                        ],
#                        [
#                            "SS19_042_1383.dat"
#                        ],
#                        [
#                            "SS19_042_1384.dat"
#                        ]
#                    ]
#                }
#            ]
#        }
#    },
#    "imageHeader": {
#        "Count_cutoff": "1279546 counts",
#        "Excluded_pixels": "badpix_mask.tif",
#        "Exposure_period": "2.0000000 s",
#        "Exposure_time": "0.5000000 s",
#        "Flat_field": "FF_p10-0130_E12000_T6000_vrf_m0p100.tif",
#        "Gain_setting": "autog (vrf = 1.000)",
#        "Image_path": "/ramdisk/20211009_Sukenik/SS19/images/",
#        "N_excluded_pixels": "35",
#        "Pixel_size": "172e-6 m x 172e-6 m",
#        "Ratecorr_lut_directory": "ContinuousStandard_v1.1",
#        "Retrigger_mode": "1",
#        "Silicon": "sensor, thickness 0.000450 m",
#        "Tau": "0 s",
#        "Threshold_setting": "6000 eV",
#        "Trim_file": "p10-0130_E12000_T6000.bin"
#    },
#    "load_path": "",
#    "metadata": {
#        "Detector": "Pilatus3 X 1M"
#    },
#    "normalizations": {
#        "Absolute_scale": {
#            "Absolute_scale_factor": 31172.98107998318,
#            "Ignore_background": true,
#            "Method": "Glassy_carbon"
#        },
#        "Counter_norms": [
#            [
#                "/",
#                "I1"
#            ]
#        ],
#        "Polarization": {
#            "Used": false
#        },
#        "Solid_Angle_Correction": "On"
#    },
#    "raw_version": "2.1.1"
#}

